P[0] = 0.247081
P[1a] = 0.213623
P[1b] = 0.198007
P[2] = 0.341289
