transition_matrix =

   -5.00000    5.00000    0.00000    0.00000    0.00000
   10.00000  -12.50000    2.50000    0.00000    0.00000
    0.00000   10.00000  -11.66667    1.66667    0.00000
    0.00000    0.00000   10.00000  -11.25000    1.25000
    0.00000    0.00000    0.00000   10.00000  -10.00000

