P[1] = 60.6635%
P[2] = 30.3318%
P[3] = 7.58294%
P[4] = 1.26382%
P[5] = 0.157978%
