P(0) = 0.047928%
P(1) = 0.085372%
P(2) = 0.174487%
P(3) = 0.385670%
P(4) = 0.772837%
P(5) = 1.544550%
P(6) = 3.083110%
P(7) = 6.193928%
P(8) = 12.478470%
P(9) = 25.011233%
P(10) = 50.222415%
