P(0) = 8.949213%
P(1) = 8.782395%
P(2) = 8.755434%
P(3) = 8.502679%
P(4) = 8.824521%
P(5) = 9.242409%
P(6) = 9.321605%
P(7) = 9.250834%
P(8) = 9.392377%
P(9) = 9.387322%
P(10) = 9.591211%
