P(0) = 80.021622%
P(1) = 15.956757%
P(2) = 3.221622%
P(3) = 0.621622%
P(4) = 0.129730%
P(5) = 0.043243%
P(6) = 0.005405%
P(7) = 0.000000%
P(8) = 0.000000%
P(9) = 0.000000%
P(10) = 0.000000%
